d = {
    '[3, 8, 29, 23, 1]': 5,
    '[31, 49, 24, 3, 17]': 8,
    '[29, 27, 38, 19, 48]': 4,
    '[11, 7, 17, 14, 46]': 2,
    '[30, 8, 2, 4, 5]': 7,
    '[1, 9, 36, 6, 38]': 2,
    '[21, 10, 41, 22, 18]': 5,
    '[49, 28, 4, 26, 19]': 8,
    '[5, 48, 24, 27, 13]': 5,
    '[8, 28, 24, 29, 18]': 4,
    '[10, 19, 32, 9, 20]': 4,
    '[19, 36, 25, 16, 15]': 8,
    '[28, 29, 42, 14, 47]': 3,
    '[6, 35, 12, 36, 22]': 3,
    '[45, 46, 17, 31, 36]': 6,
    '[12, 36, 4, 18, 47]': 3,
    '[34, 7, 3, 9, 28]': 5,
    '[16, 26, 13, 19, 14]': 6,
    '[44, 43, 10, 22, 24]': 7,
    '[16, 35, 30, 37, 23]': 4,
    '[4, 15, 41, 28, 49]': 1,
    '[10, 24, 12, 3, 11]': 6,
    '[31, 7, 18, 32, 11]': 5,
    '[33, 27, 25, 9, 22]': 9,
    '[35, 42, 5, 12, 30]': 6,
    '[22, 40, 2, 32, 28, 21, 33, 36]': 11,
    '[26, 8, 19, 7, 14, 11, 47, 25]': 12,
    '[28, 44, 11, 13, 9, 45, 38, 10]': 16,
    '[9, 38, 28, 33, 29, 36, 30, 47]': 8,
    '[3, 49, 12, 48, 1, 20, 43, 39]': 13,
    '[29, 13, 40, 14, 33, 21, 43, 16]': 12,
    '[9, 17, 13, 32, 40, 37, 42, 24]': 6,
    '[15, 45, 17, 13, 19, 18, 4, 20]': 14,
    '[46, 15, 43, 47, 8, 3, 41, 22]': 18,
    '[31, 47, 6, 10, 17, 45, 28, 36]': 12,
    '[41, 39, 48, 1, 28, 13, 3, 23]': 20,
    '[35, 47, 48, 4, 5, 8, 49, 41]': 12,
    '[18, 46, 36, 30, 43, 33, 15, 23]': 18,
    '[25, 3, 24, 21, 27, 4, 20, 30]': 12,
    '[37, 45, 12, 26, 35, 22, 17, 31]': 18,
    '[9, 49, 45, 30, 10, 2, 41, 31]': 16,
    '[27, 33, 4, 37, 38, 36, 42, 6]': 10,
    '[36, 27, 15, 4, 25, 33, 48, 1]': 16,
    '[13, 2, 37, 36, 39, 46, 16, 29]': 10,
    '[8, 43, 19, 9, 21, 16, 5, 10]': 17,
    '[33, 40, 20, 24, 1, 8, 26, 34]': 15,
    '[36, 1, 48, 42, 26, 37, 15, 21]': 17,
    '[43, 39, 14, 1, 40, 35, 29, 27]': 19,
    '[12, 24, 7, 2, 23, 21, 27, 19]': 12,
    '[34, 9, 23, 43, 10, 33, 47, 2]': 14,
    '[62, 15, 16, 125, 39, 45, 180, 3, 55, 154, 105, 187, 126, 17, 27, 96, 42, 89, 190, 12, 43, 1, 157, 146, 182, 145, 111, 176, 58, 40, 115, 106, 186, 93, 147, 120, 191, 79, 92, 94, 150, 84, 97, 33, 138, 53, 155, 28, 123, 90, 86, 59, 171, 135, 88, 38, 44, 8, 156, 26, 129, 77, 178, 141, 118, 192, 103, 172, 101, 18, 52, 9, 153, 4, 67, 174, 71, 60, 165, 152, 149, 112, 197, 51, 19, 148, 132, 183, 68, 78, 173, 23, 72, 200, 11, 35, 109, 69, 48, 87, 122, 198, 91, 133, 98, 137, 80, 119, 169, 41, 142, 166, 108, 127, 63, 107, 50, 76, 73, 21, 151, 167, 116, 199, 189, 65, 5, 177, 22, 193, 168, 100, 139, 49, 70, 159, 104, 46, 110, 7, 14, 29, 82, 161, 181, 47, 117, 184, 196, 31]': 5285,
    '[23, 68, 102, 37, 197, 108, 8, 44, 50, 49, 11, 41, 115, 175, 120, 73, 141, 166, 91, 46, 29, 61, 51, 117, 18, 127, 15, 32, 103, 56, 162, 199, 167, 138, 95, 35, 123, 89, 160, 169, 185, 157, 174, 48, 92, 21, 110, 182, 80, 113, 144, 77, 132, 168, 17, 55, 1, 130, 101, 140, 69, 58, 87, 170, 181, 150, 106, 164, 155, 187, 111, 33, 119, 62, 107, 67, 195, 81, 135, 99, 200, 191, 133, 76, 93, 78, 83, 90, 163, 10, 85, 39, 31, 194, 159, 128, 183, 12, 134, 126, 171, 158, 19, 64, 152, 59, 161, 45, 192, 147, 143, 193, 79, 38, 105, 2, 9, 129, 25, 22, 75, 148, 96, 156, 47, 5, 154, 136, 118, 14, 97, 65, 172, 71, 74, 122, 63, 53, 176, 84, 20, 27, 131, 112, 82, 180, 13, 86, 42, 139]': 5548,
    '[133, 31, 38, 36, 153, 171, 159, 186, 11, 35, 102, 43, 67, 12, 199, 73, 26, 68, 4, 33, 40, 138, 48, 28, 15, 103, 149, 59, 172, 191, 94, 98, 87, 144, 118, 113, 104, 106, 141, 134, 2, 83, 97, 151, 74, 91, 131, 112, 136, 110, 194, 165, 27, 99, 23, 47, 192, 71, 77, 6, 188, 181, 111, 157, 115, 8, 152, 75, 3, 190, 178, 162, 78, 64, 116, 81, 51, 60, 150, 69, 89, 39, 164, 139, 58, 14, 101, 53, 170, 86, 21, 72, 63, 143, 140, 17, 45, 132, 147, 30, 130, 182, 105, 158, 124, 66, 185, 82, 200, 156, 123, 65, 25, 137, 55, 148, 61, 95, 88, 7, 57, 5, 176, 195, 179, 56, 1, 52, 117, 177, 16, 121, 92, 128, 175, 119, 107, 32, 127, 180, 10, 196, 126, 46, 80, 193, 49, 145, 18, 44]': 5379,
    '[56, 33, 26, 98, 178, 72, 130, 134, 53, 24, 177, 188, 157, 122, 49, 155, 146, 82, 110, 183, 89, 87, 121, 14, 3, 75, 62, 105, 139, 159, 135, 131, 109, 152, 63, 137, 133, 166, 171, 70, 68, 136, 124, 41, 186, 12, 8, 150, 84, 50, 163, 200, 57, 88, 170, 94, 69, 106, 81, 79, 116, 102, 120, 147, 86, 96, 140, 198, 167, 66, 21, 184, 128, 160, 80, 168, 118, 158, 162, 91, 43, 35, 60, 42, 132, 9, 169, 83, 182, 108, 114, 32, 17, 115, 141, 46, 197, 51, 187, 15, 129, 52, 181, 125, 71, 27, 126, 138, 104, 95, 145, 189, 7, 92, 23, 176, 78, 148, 175, 100, 196, 199, 149, 58, 127, 54, 123, 190, 179, 173, 61, 119, 6, 28, 59, 154, 113, 1, 38, 76, 191, 29, 4, 107, 85, 99, 144, 25, 192, 161]': 5582,
    '[66, 96, 21, 156, 135, 149, 99, 166, 9, 2, 13, 180, 197, 110, 92, 39, 68, 42, 130, 49, 109, 30, 189, 102, 150, 125, 15, 177, 17, 97, 43, 116, 33, 143, 191, 147, 6, 172, 123, 194, 157, 23, 105, 55, 111, 158, 93, 127, 58, 28, 86, 41, 124, 63, 163, 38, 185, 188, 198, 161, 57, 159, 35, 137, 114, 98, 142, 4, 11, 71, 53, 183, 16, 88, 128, 113, 65, 59, 8, 25, 87, 77, 19, 169, 95, 52, 32, 72, 176, 67, 51, 196, 129, 168, 48, 117, 178, 70, 81, 54, 46, 36, 104, 154, 69, 138, 179, 170, 100, 26, 199, 75, 24, 31, 136, 148, 7, 73, 45, 120, 162, 34, 186, 141, 64, 62, 60, 126, 101, 131, 152, 160, 12, 44, 118, 190, 173, 146, 112, 181, 20, 1, 192, 155, 82, 76, 5, 78, 40, 56]': 5576,
    '[187, 193, 105, 117, 19, 183, 146, 69, 122, 163, 109, 23, 93, 80, 171, 199, 165, 13, 46, 72, 124, 170, 142, 129, 114, 134, 160, 78, 155, 98, 191, 57, 55, 94, 92, 53, 138, 90, 84, 125, 173, 15, 157, 34, 139, 96, 197, 30, 11, 61, 186, 49, 60, 48, 35, 180, 148, 8, 154, 47, 119, 104, 188, 99, 87, 66, 192, 194, 88, 26, 178, 118, 185, 190, 24, 59, 166, 158, 131, 103, 37, 112, 41, 184, 39, 16, 143, 36, 132, 17, 195, 58, 126, 130, 63, 176, 144, 151, 167, 110, 115, 21, 22, 189, 79, 135, 172, 123, 156, 25, 108, 133, 162, 82, 181, 7, 168, 106, 136, 1, 75, 120, 177, 27, 40, 152, 198, 116, 145, 50, 6, 182, 86, 85, 2, 67, 128, 161, 179, 3, 45, 64, 33, 91, 43, 73, 28, 164, 196, 100]': 5944,
    '[166, 86, 191, 15, 151, 95, 4, 31, 192, 63, 127, 111, 142, 109, 141, 60, 66, 68, 157, 130, 18, 49, 140, 29, 33, 82, 99, 175, 14, 70, 199, 177, 52, 101, 78, 83, 85, 193, 30, 170, 24, 197, 36, 126, 198, 181, 161, 96, 129, 123, 117, 74, 12, 122, 80, 133, 112, 79, 147, 187, 104, 139, 48, 163, 13, 184, 81, 46, 59, 55, 145, 180, 50, 121, 138, 58, 11, 37, 162, 25, 154, 190, 128, 44, 75, 10, 56, 28, 20, 39, 194, 188, 41, 183, 200, 113, 155, 159, 51, 100, 143, 23, 105, 94, 35, 45, 2, 174, 131, 182, 98, 135, 153, 108, 171, 176, 189, 144, 196, 124, 185, 148, 76, 146, 156, 62, 72, 34, 116, 91, 32, 57, 195, 22, 87, 115, 160, 77, 149, 1, 7, 120, 69, 54, 47, 43, 40, 84, 61, 103]': 5752,
    '[74, 90, 199, 5, 25, 83, 176, 34, 56, 87, 12, 95, 99, 52, 139, 22, 16, 48, 103, 7, 102, 166, 111, 197, 46, 105, 171, 153, 136, 118, 29, 13, 44, 182, 184, 66, 60, 72, 96, 129, 181, 58, 81, 152, 186, 3, 80, 51, 14, 168, 31, 85, 159, 110, 172, 122, 117, 178, 173, 137, 19, 49, 76, 6, 145, 47, 128, 8, 1, 61, 104, 149, 64, 50, 24, 195, 30, 162, 109, 27, 59, 191, 55, 33, 91, 140, 37, 147, 93, 10, 126, 23, 65, 161, 88, 131, 134, 163, 179, 28, 75, 98, 57, 73, 189, 130, 32, 119, 200, 167, 4, 141, 138, 143, 78, 42, 82, 123, 71, 108, 41, 38, 127, 156, 175, 112, 154, 132, 125, 142, 92, 43, 39, 79, 150, 53, 54, 69, 9, 84, 45, 35, 68, 183, 70, 160, 180, 121, 194, 151]': 5204,
    '[46, 37, 115, 135, 59, 82, 14, 130, 123, 164, 124, 34, 36, 195, 72, 187, 2, 1, 99, 94, 27, 53, 79, 183, 140, 153, 74, 171, 113, 24, 146, 67, 77, 199, 13, 181, 144, 62, 154, 20, 106, 98, 119, 107, 148, 117, 45, 194, 166, 103, 182, 167, 188, 73, 172, 157, 162, 122, 6, 88, 35, 160, 191, 101, 84, 89, 192, 93, 11, 85, 9, 48, 121, 138, 63, 29, 25, 71, 116, 60, 173, 92, 90, 112, 54, 139, 147, 190, 69, 33, 7, 163, 42, 132, 30, 156, 141, 150, 52, 65, 57, 200, 76, 16, 4, 50, 169, 8, 100, 185, 127, 18, 193, 120, 170, 49, 41, 186, 83, 179, 133, 118, 31, 174, 39, 196, 165, 56, 134, 151, 158, 168, 21, 3, 23, 28, 178, 136, 184, 87, 97, 198, 95, 108, 43, 12, 149, 55, 105, 10]': 5576,
    '[132, 130, 5, 107, 109, 86, 93, 87, 18, 145, 70, 135, 137, 7, 8, 147, 13, 105, 156, 113, 142, 127, 1, 169, 184, 200, 44, 177, 82, 162, 2, 183, 37, 112, 140, 198, 42, 40, 84, 167, 153, 15, 39, 101, 124, 34, 71, 68, 106, 193, 195, 80, 73, 45, 24, 4, 94, 77, 131, 133, 178, 152, 160, 50, 159, 144, 194, 166, 126, 31, 103, 3, 180, 20, 97, 148, 12, 104, 157, 139, 115, 22, 181, 99, 78, 63, 119, 19, 141, 60, 75, 191, 155, 176, 76, 146, 173, 88, 25, 21, 64, 102, 95, 170, 118, 189, 110, 120, 56, 26, 27, 33, 74, 158, 128, 121, 41, 47, 81, 172, 165, 143, 59, 196, 149, 67, 122, 58, 136, 9, 96, 69, 182, 61, 36, 171, 192, 161, 197, 49, 117, 72, 6, 186, 188, 43, 163, 168, 150, 175]': 5216,
    '[153, 159, 172, 198, 151, 36, 149, 22, 102, 116, 109, 110, 180, 6, 183, 1, 83, 73, 65, 140, 150, 98, 184, 82, 17, 141, 189, 117, 195, 24, 166, 92, 53, 21, 50, 66, 175, 89, 138, 185, 181, 199, 200, 113, 68, 101, 11, 52, 169, 129, 90, 12, 30, 43, 196, 58, 70, 165, 130, 124, 93, 154, 5, 170, 67, 121, 161, 19, 31, 187, 4, 87, 177, 81, 137, 26, 108, 119, 29, 59, 20, 182, 115, 71, 174, 55, 139, 28, 2, 147, 3, 27, 178, 41, 132, 167, 99, 7, 125, 88, 78, 97, 179, 191, 62, 143, 94, 48, 85, 40, 75, 45, 152, 42, 127, 136, 44, 171, 84, 160, 148, 74, 100, 188, 112, 23, 186, 51, 142, 168, 103, 128, 111, 61, 9, 72, 192, 14, 69, 46, 13, 54, 8, 146, 60, 120, 122, 56, 47, 157]': 6077,
    '[127, 81, 28, 155, 54, 94, 121, 125, 131, 13, 115, 161, 88, 154, 82, 174, 105, 61, 21, 52, 144, 7, 99, 134, 160, 26, 113, 130, 27, 152, 192, 179, 60, 143, 72, 114, 180, 126, 171, 87, 77, 17, 109, 91, 4, 76, 22, 63, 118, 177, 2, 110, 20, 68, 30, 173, 128, 163, 122, 23, 86, 176, 104, 186, 58, 44, 145, 158, 198, 8, 111, 36, 172, 29, 185, 46, 33, 184, 136, 199, 95, 45, 96, 43, 142, 200, 64, 11, 102, 93, 38, 107, 9, 150, 66, 189, 80, 188, 56, 75, 106, 149, 16, 57, 120, 65, 69, 10, 133, 196, 25, 97, 67, 101, 6, 100, 153, 141, 148, 147, 168, 89, 90, 159, 164, 129, 193, 117, 108, 167, 42, 19, 169, 166, 3, 181, 112, 138, 135, 83, 59, 47, 92, 12, 85, 48, 55, 170, 70, 195]': 5482,
    '[25, 133, 180, 158, 198, 154, 95, 140, 187, 57, 86, 123, 125, 99, 67, 54, 155, 144, 130, 104, 135, 16, 39, 173, 106, 178, 168, 151, 82, 48, 9, 13, 146, 132, 44, 189, 6, 137, 153, 5, 83, 200, 190, 38, 92, 175, 59, 102, 31, 24, 183, 119, 109, 87, 41, 30, 53, 171, 70, 115, 28, 56, 159, 17, 69, 110, 35, 42, 26, 51, 33, 27, 47, 197, 176, 63, 117, 78, 46, 101, 88, 45, 40, 191, 193, 163, 66, 4, 85, 71, 50, 111, 164, 10, 108, 150, 134, 107, 169, 62, 96, 113, 36, 49, 32, 91, 80, 21, 160, 129, 90, 14, 18, 52, 114, 126, 64, 116, 76, 7, 98, 166, 124, 43, 141, 37, 145, 194, 77, 15, 186, 19, 55, 118, 128, 138, 143, 103, 157, 94, 188, 29, 84, 170, 149, 192, 8, 139, 73, 23]': 5822,
    '[74, 173, 157, 91, 196, 89, 104, 58, 67, 64, 92, 114, 140, 165, 131, 40, 112, 62, 149, 22, 82, 150, 184, 18, 119, 69, 189, 87, 28, 4, 197, 111, 20, 60, 108, 105, 44, 59, 73, 11, 177, 193, 15, 179, 72, 158, 49, 21, 200, 118, 170, 6, 187, 7, 113, 9, 16, 2, 141, 134, 52, 83, 53, 120, 26, 65, 19, 169, 51, 142, 80, 199, 146, 35, 84, 85, 176, 17, 122, 45, 123, 164, 98, 30, 96, 76, 188, 57, 14, 68, 144, 133, 101, 42, 48, 33, 93, 198, 191, 8, 109, 95, 34, 25, 56, 125, 81, 183, 159, 136, 135, 174, 43, 162, 181, 77, 39, 153, 31, 12, 138, 54, 127, 145, 186, 139, 99, 180, 128, 152, 126, 124, 161, 160, 106, 75, 61, 129, 23, 41, 168, 190, 147, 55, 116, 50, 37, 172, 13, 100]': 5388,
    '[135, 45, 58, 116, 24, 60, 68, 6, 144, 26, 112, 166, 82, 141, 3, 48, 40, 17, 25, 177, 157, 182, 73, 16, 10, 22, 70, 164, 96, 149, 169, 115, 52, 184, 33, 172, 168, 91, 101, 72, 59, 93, 100, 194, 21, 171, 95, 150, 196, 49, 94, 147, 78, 43, 53, 66, 30, 83, 38, 11, 36, 88, 138, 118, 14, 126, 109, 19, 142, 1, 41, 18, 64, 51, 197, 85, 107, 71, 39, 136, 154, 46, 175, 193, 190, 120, 54, 132, 185, 151, 156, 99, 179, 8, 15, 133, 62, 57, 117, 63, 98, 65, 167, 23, 55, 28, 129, 121, 13, 200, 84, 163, 119, 125, 176, 103, 105, 7, 139, 27, 4, 192, 2, 113, 199, 161, 79, 74, 77, 160, 31, 92, 32, 47, 44, 187, 86, 102, 67, 137, 162, 12, 189, 106, 165, 195, 188, 148, 123, 127]': 5026,
    '[117, 99, 171, 53, 136, 14, 143, 81, 100, 58, 179, 128, 8, 103, 32, 33, 177, 68, 108, 2, 49, 194, 130, 35, 6, 164, 63, 64, 132, 1, 173, 97, 107, 37, 159, 104, 47, 163, 87, 196, 66, 17, 96, 39, 131, 40, 197, 36, 65, 141, 62, 127, 55, 46, 188, 78, 84, 89, 158, 181, 176, 140, 31, 165, 154, 106, 15, 102, 116, 92, 29, 138, 57, 189, 16, 115, 182, 147, 10, 198, 72, 19, 186, 190, 95, 111, 21, 4, 70, 98, 28, 142, 125, 199, 156, 41, 124, 94, 25, 126, 60, 51, 195, 175, 180, 153, 85, 166, 11, 88, 48, 160, 170, 12, 155, 7, 77, 45, 151, 73, 93, 120, 169, 167, 200, 139, 27, 114, 152, 129, 122, 90, 168, 24, 185, 135, 172, 44, 5, 80, 22, 75, 118, 42, 109, 112, 61, 193, 43, 54]': 5411,
    '[183, 43, 136, 42, 10, 150, 168, 162, 38, 159, 105, 58, 8, 164, 106, 37, 33, 34, 180, 1, 82, 23, 67, 177, 63, 189, 140, 145, 88, 131, 146, 17, 124, 118, 197, 27, 50, 123, 92, 31, 111, 76, 39, 110, 18, 170, 102, 133, 83, 12, 187, 198, 94, 138, 66, 149, 167, 116, 55, 147, 87, 24, 71, 139, 29, 113, 134, 181, 163, 97, 185, 2, 196, 9, 81, 90, 153, 35, 199, 11, 191, 182, 125, 80, 57, 6, 47, 98, 49, 154, 173, 158, 127, 77, 129, 141, 137, 62, 20, 156, 93, 52, 172, 144, 165, 73, 100, 195, 69, 114, 91, 21, 142, 184, 25, 193, 40, 126, 135, 194, 14, 32, 115, 178, 64, 121, 160, 132, 95, 89, 112, 4, 101, 188, 72, 107, 200, 74, 85, 166, 19, 174, 79, 5, 190, 51, 70, 120, 84, 96]': 5420,
    '[127, 109, 37, 27, 196, 94, 138, 4, 42, 77, 96, 117, 191, 130, 167, 34, 131, 13, 186, 75, 71, 121, 179, 15, 105, 137, 86, 35, 58, 36, 5, 98, 102, 123, 82, 188, 110, 145, 79, 163, 183, 97, 62, 166, 45, 193, 47, 114, 118, 22, 101, 159, 152, 139, 122, 180, 67, 93, 172, 195, 135, 78, 44, 194, 73, 189, 65, 148, 81, 151, 84, 173, 66, 17, 174, 200, 147, 187, 38, 57, 53, 111, 52, 28, 31, 33, 154, 89, 41, 113, 169, 104, 59, 158, 8, 19, 32, 7, 95, 140, 76, 143, 192, 132, 176, 178, 107, 177, 90, 106, 20, 12, 85, 199, 119, 185, 91, 70, 120, 87, 144, 197, 61, 23, 160, 150, 153, 190, 69, 129, 103, 155, 30, 64, 56, 6, 24, 10, 74, 124, 48, 181, 108, 18, 49, 83, 100, 133, 115, 14]': 5789,
    '[163, 96, 85, 30, 175, 39, 54, 88, 57, 17, 22, 36, 164, 132, 196, 108, 8, 107, 183, 18, 149, 56, 106, 150, 84, 168, 101, 82, 104, 116, 6, 70, 50, 49, 73, 59, 133, 74, 171, 124, 83, 25, 67, 160, 114, 154, 144, 24, 15, 48, 91, 14, 158, 55, 46, 69, 118, 100, 127, 71, 143, 86, 182, 40, 113, 87, 137, 119, 66, 191, 19, 179, 135, 126, 62, 10, 141, 81, 159, 129, 37, 200, 138, 105, 178, 11, 7, 28, 32, 122, 76, 47, 161, 26, 156, 134, 165, 68, 80, 173, 63, 145, 152, 51, 58, 12, 153, 65, 190, 180, 41, 78, 35, 128, 3, 131, 147, 77, 60, 79, 38, 169, 112, 155, 121, 148, 72, 97, 162, 174, 31, 16, 27, 92, 29, 172, 4, 90, 195, 120, 125, 111, 123, 64, 23, 185, 93, 21, 89, 136]': 5410,
    '[76, 74, 66, 174, 89, 45, 114, 87, 29, 4, 11, 104, 47, 64, 159, 186, 95, 138, 151, 73, 154, 124, 60, 136, 121, 42, 190, 119, 88, 189, 150, 160, 179, 155, 53, 113, 198, 127, 188, 148, 184, 20, 117, 112, 15, 24, 105, 77, 122, 170, 146, 181, 27, 13, 109, 126, 140, 177, 97, 69, 135, 92, 199, 75, 91, 85, 78, 61, 79, 44, 34, 84, 185, 7, 3, 123, 23, 82, 26, 175, 173, 194, 62, 25, 187, 143, 32, 58, 80, 111, 183, 142, 134, 37, 35, 192, 125, 8, 39, 132, 54, 162, 98, 17, 50, 59, 2, 96, 158, 67, 90, 14, 55, 157, 120, 101, 139, 21, 81, 165, 166, 48, 19, 108, 164, 168, 86, 6, 65, 156, 152, 172, 133, 176, 63, 94, 36, 30, 33, 195, 116, 128, 52, 10, 196, 68, 193, 147, 5, 70]': 5809,
    '[164, 38, 150, 84, 13, 87, 46, 181, 15, 23, 161, 166, 189, 25, 36, 27, 177, 82, 28, 116, 21, 159, 122, 8, 74, 125, 139, 112, 135, 92, 72, 99, 191, 56, 62, 118, 16, 37, 91, 98, 192, 29, 148, 176, 168, 182, 93, 78, 1, 19, 154, 83, 157, 4, 173, 156, 95, 77, 140, 7, 79, 26, 120, 69, 163, 67, 149, 88, 97, 185, 129, 70, 144, 130, 109, 167, 50, 22, 81, 127, 115, 52, 96, 179, 39, 187, 55, 10, 143, 6, 12, 190, 188, 58, 43, 131, 151, 35, 31, 158, 60, 155, 198, 108, 193, 110, 76, 57, 194, 34, 103, 42, 68, 102, 199, 136, 17, 40, 11, 80, 53, 86, 123, 162, 138, 49, 169, 106, 175, 132, 64, 48, 104, 100, 61, 170, 114, 101, 41, 47, 111, 105, 9, 183, 200, 18, 24, 184, 142, 146]': 5393,
    '[199, 106, 171, 83, 100, 165, 53, 184, 111, 73, 161, 18, 154, 134, 188, 20, 162, 41, 51, 74, 173, 174, 57, 6, 180, 190, 78, 159, 194, 103, 79, 127, 44, 68, 143, 192, 84, 65, 163, 42, 80, 145, 9, 116, 135, 121, 146, 176, 49, 141, 148, 62, 113, 195, 14, 139, 67, 21, 95, 166, 178, 144, 167, 1, 8, 30, 86, 16, 76, 147, 153, 87, 158, 23, 155, 108, 24, 15, 126, 196, 43, 150, 34, 200, 89, 132, 25, 37, 107, 91, 70, 97, 39, 71, 175, 170, 77, 69, 185, 198, 19, 47, 36, 32, 11, 177, 55, 189, 114, 90, 140, 123, 172, 48, 27, 17, 131, 119, 61, 152, 31, 94, 133, 124, 40, 157, 46, 3, 105, 98, 115, 52, 7, 56, 125, 22, 109, 142, 136, 183, 151, 12, 72, 75, 137, 63, 28, 187, 117, 128]': 6087,
    '[87, 180, 134, 162, 13, 192, 174, 36, 34, 199, 64, 90, 151, 58, 177, 195, 161, 116, 72, 181, 111, 50, 129, 105, 160, 179, 140, 97, 130, 133, 89, 46, 10, 70, 39, 33, 123, 9, 113, 164, 148, 32, 127, 17, 81, 154, 80, 88, 25, 22, 184, 53, 42, 117, 132, 75, 78, 82, 16, 26, 139, 85, 30, 11, 24, 120, 79, 159, 169, 142, 76, 157, 67, 191, 99, 168, 20, 163, 71, 165, 186, 150, 47, 1, 183, 108, 176, 170, 3, 102, 62, 173, 40, 38, 23, 126, 66, 152, 91, 156, 45, 136, 93, 92, 175, 190, 44, 14, 61, 35, 98, 84, 100, 158, 56, 73, 171, 68, 4, 125, 31, 51, 147, 172, 63, 135, 198, 5, 143, 121, 83, 114, 185, 194, 131, 65, 57, 155, 6, 124, 43, 137, 12, 188, 178, 115, 27, 200, 86, 141]': 5655,
    '[97, 98, 15, 154, 107, 139, 163, 12, 190, 149, 73, 57, 169, 20, 136, 70, 189, 148, 60, 131, 56, 63, 177, 111, 85, 92, 101, 66, 159, 42, 104, 192, 35, 152, 187, 61, 142, 155, 17, 116, 178, 18, 32, 4, 51, 25, 183, 55, 129, 8, 23, 47, 133, 120, 150, 9, 30, 180, 13, 87, 1, 114, 62, 27, 132, 37, 91, 10, 188, 156, 171, 140, 83, 197, 5, 84, 123, 89, 50, 175, 125, 52, 137, 38, 167, 78, 106, 191, 71, 48, 109, 124, 96, 194, 58, 79, 94, 95, 166, 176, 170, 93, 16, 115, 135, 6, 151, 67, 39, 144, 102, 99, 161, 145, 103, 76, 69, 181, 138, 172, 200, 121, 112, 162, 168, 174, 34, 117, 33, 29, 14, 173, 82, 198, 64, 72, 3, 21, 19, 134, 199, 113, 128, 110, 81, 36, 59, 7, 53, 44]': 5662,
    '[82, 143, 144, 16, 109, 21, 111, 64, 199, 57, 166, 161, 154, 123, 110, 112, 66, 120, 53, 34, 132, 58, 175, 70, 186, 74, 140, 191, 124, 170, 3, 135, 59, 37, 30, 20, 23, 71, 17, 160, 13, 169, 146, 193, 139, 44, 41, 88, 108, 54, 10, 51, 76, 158, 65, 173, 45, 96, 95, 40, 12, 189, 105, 190, 119, 149, 197, 63, 83, 100, 8, 36, 33, 85, 195, 182, 115, 176, 72, 165, 127, 128, 81, 6, 125, 49, 137, 188, 174, 56, 69, 150, 177, 131, 38, 46, 126, 103, 31, 91, 5, 84, 129, 39, 107, 97, 52, 79, 184, 80, 89, 151, 156, 77, 163, 47, 18, 138, 67, 181, 187, 155, 90, 147, 2, 9, 27, 24, 94, 141, 75, 122, 117, 130, 14, 93, 179, 183, 55, 11, 101, 106, 162, 1, 145, 61, 60, 26, 159, 114]': 5697,
    '[94, 13, 121, 144, 52, 149, 24, 78, 122, 189, 31, 99, 186, 73, 123, 36, 77, 183, 110, 199, 11, 132, 19, 184, 62, 27, 89, 6, 7, 84, 32, 15, 34, 192, 80, 47, 21, 8, 25, 128, 124, 26, 81, 160, 93, 48, 130, 180, 2, 153, 85, 113, 158, 90, 138, 197, 49, 59, 115, 129, 28, 102, 109, 120, 9, 18, 182, 75, 154, 63, 137, 22, 53, 12, 178, 166, 51, 176, 185, 135, 46, 157, 177, 43, 42, 4, 155, 152, 66, 55, 97, 143, 64, 148, 57, 35, 190, 107, 30, 16, 187, 101, 83, 58, 105, 126, 196, 174, 179, 142, 116, 39, 146, 147, 145, 119, 141, 127, 56, 95, 76, 125, 134, 188, 171, 87, 191, 159, 193, 33, 194, 3, 91, 136, 54, 40, 133, 151, 17, 98, 44, 163, 150, 14, 82, 140, 88, 169, 50, 108]': 5010,
    '[171, 33, 32, 72, 98, 36, 162, 179, 160, 125, 70, 77, 187, 182, 163, 95, 156, 150, 112, 115, 117, 49, 183, 14, 41, 154, 140, 149, 141, 89, 169, 199, 93, 134, 190, 62, 27, 164, 113, 123, 180, 130, 176, 151, 50, 135, 54, 74, 139, 12, 102, 8, 188, 19, 28, 9, 152, 63, 31, 133, 96, 161, 111, 193, 55, 81, 116, 21, 165, 47, 56, 105, 15, 79, 39, 35, 144, 100, 175, 122, 64, 3, 78, 30, 148, 198, 128, 124, 185, 127, 43, 83, 121, 52, 6, 136, 4, 101, 177, 91, 57, 34, 146, 94, 69, 45, 42, 13, 65, 51, 114, 129, 189, 48, 159, 18, 61, 85, 168, 143, 22, 110, 137, 126, 106, 147, 58, 197, 192, 170, 53, 166, 16, 145, 25, 186, 107, 155, 82, 196, 17, 38, 153, 132, 120, 138, 76, 157, 11, 181]': 5783,
    '[199, 78, 69, 188, 106, 179, 133, 144, 147, 196, 187, 22, 6, 139, 31, 121, 141, 35, 137, 90, 30, 103, 104, 81, 182, 166, 125, 116, 57, 184, 70, 115, 65, 153, 50, 113, 131, 107, 160, 134, 18, 142, 56, 9, 38, 162, 11, 176, 61, 118, 49, 146, 3, 174, 37, 117, 111, 159, 192, 138, 26, 193, 127, 149, 195, 154, 28, 101, 10, 152, 55, 54, 33, 36, 5, 58, 200, 161, 66, 100, 46, 197, 85, 108, 165, 23, 158, 143, 29, 40, 190, 132, 67, 87, 177, 114, 79, 14, 1, 119, 20, 102, 186, 75, 17, 7, 126, 112, 80, 167, 21, 123, 41, 82, 191, 98, 105, 15, 76, 25, 157, 175, 99, 59, 145, 110, 71, 19, 178, 189, 73, 120, 60, 45, 96, 77, 129, 109, 97, 88, 62, 183, 93, 83, 173, 155, 27, 74, 95, 63]': 6010,
    '[178, 182, 186, 165, 115, 164, 77, 129, 143, 131, 73, 3, 97, 91, 79, 183, 172, 117, 39, 122, 52, 17, 69, 12, 74, 110, 37, 133, 72, 108, 107, 47, 180, 76, 145, 40, 29, 26, 157, 199, 125, 24, 58, 93, 22, 54, 104, 78, 9, 83, 99, 138, 191, 121, 154, 61, 166, 63, 163, 13, 64, 141, 32, 190, 49, 132, 146, 94, 84, 126, 50, 188, 128, 53, 192, 66, 135, 82, 56, 67, 11, 185, 88, 134, 197, 118, 81, 48, 1, 23, 59, 103, 155, 28, 55, 161, 80, 153, 109, 7, 20, 189, 123, 194, 30, 33, 156, 169, 173, 200, 86, 149, 25, 100, 168, 71, 147, 6, 181, 142, 85, 18, 120, 114, 170, 196, 193, 105, 95, 38, 68, 106, 139, 116, 5, 130, 127, 175, 167, 96, 10, 171, 136, 195, 177, 111, 124, 44, 42, 179]': 5304,
    '[74, 168, 32, 150, 145, 139, 4, 192, 85, 173, 9, 197, 1, 45, 5, 117, 26, 50, 17, 28, 51, 14, 41, 137, 153, 79, 27, 86, 144, 178, 2, 68, 181, 38, 43, 40, 105, 154, 174, 108, 93, 73, 22, 96, 169, 52, 101, 67, 171, 128, 185, 31, 143, 140, 125, 172, 124, 35, 100, 186, 193, 196, 70, 29, 155, 19, 114, 24, 34, 69, 90, 131, 165, 136, 200, 66, 91, 15, 149, 78, 30, 64, 10, 55, 183, 99, 53, 111, 146, 89, 104, 112, 184, 95, 118, 167, 132, 75, 164, 47, 182, 127, 161, 49, 122, 106, 102, 190, 152, 58, 116, 195, 129, 82, 134, 121, 151, 6, 180, 11, 148, 25, 126, 110, 65, 113, 120, 16, 135, 163, 44, 94, 3, 179, 158, 92, 37, 56, 48, 166, 130, 159, 57, 160, 76, 115, 103, 156, 81, 7]': 5208,
    '[77, 76, 32, 72, 50, 48, 183, 152, 57, 145, 87, 200, 6, 198, 125, 148, 79, 40, 26, 196, 181, 130, 83, 128, 184, 84, 149, 29, 9, 15, 124, 41, 59, 116, 97, 75, 170, 81, 3, 1, 17, 143, 70, 45, 134, 173, 180, 53, 24, 132, 2, 131, 144, 7, 187, 16, 158, 122, 172, 146, 25, 113, 159, 98, 73, 162, 147, 95, 90, 160, 114, 127, 174, 193, 197, 140, 156, 52, 104, 163, 111, 28, 12, 86, 155, 96, 119, 154, 91, 135, 11, 165, 189, 191, 47, 35, 199, 126, 161, 54, 192, 186, 103, 177, 33, 43, 99, 61, 44, 100, 31, 107, 110, 14, 190, 195, 82, 22, 166, 38, 169, 121, 69, 10, 56, 136, 60, 49, 51, 141, 80, 150, 23, 85, 74, 4, 178, 93, 39, 64, 137, 67, 194, 164, 58, 106, 89, 66, 34, 5]': 5726,
    '[192, 187, 183, 149, 4, 57, 111, 113, 87, 7, 185, 53, 21, 88, 63, 64, 81, 31, 194, 153, 43, 52, 108, 84, 19, 165, 158, 48, 166, 46, 27, 154, 106, 119, 112, 26, 178, 133, 142, 11, 126, 66, 175, 55, 93, 190, 97, 168, 162, 17, 118, 189, 193, 70, 33, 151, 182, 86, 20, 91, 170, 152, 60, 159, 140, 125, 155, 2, 107, 110, 16, 156, 18, 105, 74, 23, 186, 167, 164, 12, 101, 179, 3, 146, 109, 95, 200, 6, 59, 49, 141, 123, 68, 47, 144, 99, 75, 177, 61, 132, 171, 78, 188, 117, 34, 161, 121, 38, 29, 195, 45, 135, 44, 138, 77, 143, 196, 76, 85, 181, 124, 139, 73, 120, 71, 39, 65, 28, 180, 197, 82, 102, 184, 10, 8, 79, 115, 169, 25, 114, 163, 37, 42, 5, 131, 1, 35, 122, 94, 13]': 5876,
    '[109, 110, 113, 164, 30, 129, 196, 61, 131, 10, 64, 65, 63, 45, 5, 148, 160, 156, 42, 90, 194, 144, 70, 18, 36, 158, 22, 54, 40, 48, 13, 130, 107, 189, 172, 168, 95, 128, 165, 58, 163, 57, 200, 121, 24, 92, 146, 161, 143, 74, 115, 25, 184, 112, 29, 126, 170, 46, 96, 69, 94, 79, 105, 182, 49, 183, 33, 187, 127, 47, 135, 198, 186, 188, 28, 85, 35, 176, 80, 55, 103, 3, 116, 190, 177, 16, 136, 56, 44, 41, 75, 166, 179, 31, 8, 38, 9, 120, 145, 193, 118, 192, 72, 180, 6, 157, 7, 199, 169, 122, 50, 51, 197, 73, 12, 162, 14, 132, 91, 138, 32, 62, 152, 174, 37, 141, 88, 154, 59, 53, 139, 15, 82, 23, 60, 195, 125, 119, 68, 171, 26, 19, 147, 142, 137, 140, 123, 93, 150, 159]': 5482,
    '[98, 183, 49, 55, 168, 144, 4, 63, 188, 3, 96, 187, 79, 67, 12, 120, 101, 191, 31, 179, 121, 136, 124, 178, 137, 138, 85, 82, 151, 41, 139, 26, 8, 111, 161, 198, 65, 186, 7, 118, 60, 115, 17, 192, 80, 170, 166, 114, 122, 132, 57, 134, 146, 52, 112, 199, 35, 74, 95, 16, 42, 78, 109, 181, 46, 58, 18, 141, 29, 77, 62, 127, 11, 196, 91, 38, 172, 81, 6, 75, 147, 130, 197, 93, 54, 159, 154, 61, 104, 83, 68, 175, 72, 88, 117, 148, 176, 87, 169, 119, 48, 45, 108, 128, 43, 131, 135, 116, 39, 23, 153, 73, 129, 32, 25, 56, 143, 2, 9, 71, 36, 53, 33, 69, 133, 106, 20, 152, 94, 90, 113, 13, 44, 59, 173, 14, 160, 156, 15, 10, 158, 157, 125, 99, 37, 92, 103, 107, 102, 28]': 6113,
    '[141, 145, 53, 70, 107, 74, 163, 25, 38, 122, 187, 185, 22, 82, 34, 58, 142, 198, 78, 118, 166, 100, 110, 45, 10, 176, 108, 95, 61, 167, 135, 102, 150, 18, 192, 27, 99, 113, 24, 55, 57, 175, 85, 144, 37, 131, 19, 49, 188, 8, 89, 91, 147, 178, 43, 127, 155, 66, 41, 68, 75, 7, 54, 143, 146, 129, 191, 196, 80, 13, 190, 114, 133, 46, 2, 64, 154, 173, 72, 162, 126, 39, 50, 71, 30, 15, 96, 84, 17, 56, 11, 23, 77, 134, 98, 193, 44, 197, 195, 29, 94, 125, 128, 121, 112, 148, 120, 104, 189, 161, 123, 67, 169, 32, 160, 115, 109, 63, 12, 132, 36, 86, 170, 83, 199, 151, 42, 4, 186, 165, 194, 20, 51, 171, 168, 62, 106, 65, 158, 159, 90, 79, 119, 136, 182, 179, 14, 6, 21, 152]': 5389,
    '[97, 53, 62, 163, 173, 20, 197, 54, 143, 19, 33, 46, 17, 10, 87, 21, 119, 198, 80, 78, 170, 31, 112, 88, 101, 195, 151, 67, 132, 9, 48, 108, 74, 83, 92, 105, 194, 27, 114, 120, 100, 45, 110, 32, 146, 52, 189, 179, 85, 186, 6, 82, 168, 60, 104, 63, 29, 176, 59, 90, 155, 138, 139, 172, 89, 30, 72, 18, 174, 65, 136, 161, 86, 135, 73, 190, 49, 58, 123, 133, 69, 5, 71, 142, 137, 68, 77, 50, 1, 130, 140, 183, 28, 188, 153, 40, 175, 131, 141, 178, 37, 167, 128, 8, 180, 148, 41, 38, 191, 2, 164, 145, 165, 12, 193, 185, 115, 166, 23, 70, 91, 122, 200, 126, 57, 39, 94, 192, 124, 14, 149, 98, 76, 159, 3, 160, 102, 24, 125, 147, 44, 36, 22, 154, 109, 56, 84, 103, 182, 144]': 5276,
    '[144, 3, 8, 47, 51, 54, 194, 166, 53, 63, 86, 176, 72, 96, 184, 145, 37, 101, 74, 188, 61, 170, 152, 71, 186, 153, 156, 77, 98, 30, 133, 49, 21, 157, 127, 183, 200, 160, 95, 16, 177, 171, 81, 111, 135, 108, 90, 151, 39, 137, 197, 138, 147, 155, 119, 17, 121, 154, 83, 134, 167, 85, 68, 116, 105, 120, 45, 55, 173, 92, 126, 99, 190, 113, 195, 175, 97, 142, 15, 192, 124, 50, 146, 104, 32, 93, 161, 48, 100, 193, 163, 46, 179, 112, 60, 84, 38, 168, 130, 33, 150, 59, 164, 172, 14, 89, 35, 191, 34, 87, 76, 27, 129, 103, 187, 143, 178, 114, 117, 26, 67, 5, 18, 7, 23, 28, 182, 73, 42, 140, 162, 141, 9, 2, 189, 131, 180, 36, 94, 88, 25, 80, 44, 139, 125, 181, 75, 57, 106, 40]': 6035,
    '[139, 99, 146, 75, 162, 94, 34, 44, 95, 79, 30, 29, 55, 132, 113, 172, 128, 63, 50, 107, 171, 183, 129, 57, 66, 18, 37, 80, 163, 23, 185, 159, 168, 11, 22, 16, 178, 36, 198, 74, 105, 142, 84, 147, 111, 2, 85, 43, 170, 191, 114, 138, 145, 112, 110, 100, 69, 48, 153, 62, 135, 61, 65, 64, 56, 166, 173, 24, 149, 10, 21, 164, 1, 25, 88, 28, 67, 71, 4, 193, 98, 5, 155, 89, 51, 109, 121, 136, 125, 102, 174, 42, 140, 169, 92, 197, 199, 144, 151, 188, 46, 60, 49, 33, 186, 103, 9, 7, 26, 152, 148, 126, 154, 20, 189, 78, 40, 45, 86, 180, 104, 161, 137, 187, 119, 58, 141, 90, 165, 134, 8, 41, 118, 83, 150, 54, 195, 108, 82, 127, 31, 77, 143, 68, 131, 32, 14, 81, 106, 70]': 5536,
    '[133, 64, 75, 59, 195, 109, 89, 24, 148, 179, 44, 9, 170, 88, 183, 25, 165, 97, 76, 190, 198, 193, 175, 103, 188, 46, 51, 15, 159, 162, 161, 32, 95, 100, 31, 29, 172, 177, 112, 142, 189, 135, 30, 108, 74, 14, 78, 99, 7, 199, 26, 53, 70, 111, 167, 178, 18, 143, 116, 58, 67, 37, 126, 180, 122, 157, 81, 85, 77, 166, 38, 34, 35, 62, 124, 191, 48, 121, 154, 129, 174, 106, 158, 155, 5, 19, 93, 153, 52, 71, 1, 156, 45, 6, 186, 194, 96, 149, 125, 127, 181, 12, 168, 130, 141, 105, 73, 3, 90, 80, 184, 65, 11, 147, 27, 91, 107, 72, 2, 150, 144, 119, 173, 28, 55, 171, 185, 87, 42, 10, 22, 138, 8, 49, 16, 40, 113, 66, 57, 17, 43, 102, 187, 123, 60, 139, 196, 200, 192, 23]': 5937,
    '[130, 117, 90, 51, 94, 63, 186, 142, 137, 101, 8, 68, 133, 173, 127, 34, 83, 54, 21, 114, 121, 141, 55, 41, 161, 129, 24, 49, 74, 128, 75, 23, 169, 138, 151, 184, 99, 147, 162, 92, 57, 87, 198, 15, 157, 32, 170, 195, 175, 116, 2, 103, 85, 122, 115, 22, 149, 5, 148, 71, 118, 168, 158, 56, 180, 95, 11, 80, 191, 144, 107, 183, 4, 143, 182, 187, 106, 125, 28, 119, 39, 14, 37, 44, 10, 58, 100, 52, 7, 189, 36, 61, 174, 64, 192, 40, 132, 9, 46, 178, 171, 167, 62, 72, 3, 20, 172, 66, 91, 16, 69, 35, 124, 176, 31, 146, 104, 150, 67, 165, 26, 105, 73, 112, 27, 88, 194, 86, 181, 196, 164, 156, 199, 98, 89, 18, 29, 136, 126, 154, 53, 155, 102, 123, 188, 166, 109, 131, 163, 76]': 5348}

invCount = 0

def mergeSort(arr):
  if len(arr) <= 1:
    return arr
  mid = len(arr) // 2
  l = mergeSort(arr[:mid])
  r = mergeSort(arr[mid:])
  return mergeSortH(l, r)

def mergeSortH(left, right):
  result = []
  while (left and right):
    if left[0] < right[0]:
      result.append(left[0])
      left.pop(0)
    else:
      result.append(right[0])
      right.pop(0)

  if left:
    result += left
  if right:
    result += right
  return result


for k in d.keys():
    arr = [int(x) for x in k[1:-1].split(", ")]
    ans = d[k]
    
    print(mergeSort(arr))
    
    #print(arr, ans)


